-2.87
-2.86
-2.93
-2.95
-2.89
-2.83
-2.88
-2.89
-3.02
-3.1
-3.2
-3.05
-2.89
-2.88
-3.5
-4.4
-5.21
-6.44
-8.96
-13.29
-23.33
-41.4
-68.23
-70.95
-75.53
-78.88
-82.24
-84.51
-86.45
-87.84
-89.02
-89.55
-90.04
-89.75
-89.38
-88.87
-88.89
-89.06
-89.12
-89.14
-89.15
-89.05
-88.96
-88.89
-88.79
-88.69
-88.58
-88.42
-88.31
-88.19
-88.1
-88.04
-87.99
-87.96
-87.87
-87.8
-87.73
-87.69
-87.67
-87.64
-87.62
-87.62
-87.67
-87.63
-87.63
-87.64
-87.64
-87.61
-87.6
-87.56
-87.57
-87.55
-87.52
-87.52
-87.55
-87.51
-87.47
-87.47
-87.52
-87.52
-87.52
-87.52
-87.53
-87.53
-87.55
-87.6
-87.6
-87.61
-87.58
-87.57
-87.55
-87.54
-87.52
-87.51
-87.5
-87.49
-87.51
-87.55
-87.54
-87.52
