buf =[

    7.0000   28.0000   -2.0000
   -0.6600   34.0000  -28.0000
   -0.6800   34.0000  -28.0000
   -0.5700   34.0000  -34.0000
   -0.6400   26.0000  -26.0000
   -0.5600   26.0000  -26.0000
   -1.2400   26.0000  -28.0000
   -1.1600   28.0000  -28.0000
   -1.5200   28.0000  -28.0000
   -1.1400   28.0000  -28.0000
   -1.1900   31.0000  -26.0000
   -1.2100   31.0000  -26.0000
   -1.2700   26.0000  -28.0000
   -0.7900   28.0000  -28.0000
   -0.8100   28.0000  -28.0000
   -0.6600   28.0000  -28.0000
   -0.5000   26.0000  -26.0000
   -0.6800   31.0000  -26.0000
   -0.5800   26.0000  -28.0000
   -0.9400   28.0000  -34.0000
   -0.9500   28.0000  -28.0000
   -1.2300   34.0000  -34.0000
   -1.1900   26.0000  -26.0000
   -1.7600   26.0000  -31.0000
   -2.1200   31.0000  -28.0000
   -2.7500   34.0000  -28.0000
   -3.6200   34.0000  -28.0000
   -4.1600   34.0000  -28.0000
   -4.9800   31.0000  -26.0000
   -6.3100   26.0000  -26.0000
   -7.1900   31.0000  -28.0000
   -8.6400   23.0000  -23.0000
  -10.7200   23.0000  -23.0000
  -11.6300   28.0000  -23.0000
  -12.9900   23.0000  -23.0000
  -13.9200   28.0000  -23.0000
  -15.9300   26.0000  -26.0000
  -17.7200   26.0000  -26.0000
  -19.3000   28.0000  -28.0000
  -21.4600   28.0000  -28.0000
  -23.1100   34.0000  -28.0000
  -24.9700   28.0000  -28.0000
  -26.4800   31.0000  -26.0000
  -29.2600   26.0000  -26.0000
  -29.8500   28.0000  -28.0000
  -31.3900   28.0000  -28.0000
  -33.1600   34.0000  -34.0000
  -34.8800   28.0000  -34.0000
  -37.3500   31.0000  -31.0000
  -39.4500   31.0000  -28.0000
  -41.5900   34.0000  -34.0000
  -42.4300   34.0000  -28.0000
  -44.5200   34.0000  -28.0000
  -46.1900   28.0000  -28.0000
  -49.6300   26.0000  -26.0000
  -53.4500   26.0000  -34.0000
  -56.7300   28.0000  -34.0000
  -60.9500   34.0000  -34.0000
  -65.4600   34.0000  -34.0000
  -65.4600   34.0000  -34.0000
  -58.4300    5.0000         0
  -58.2400   10.0000  -10.0000
  -57.9900   15.0000  -15.0000
  -57.8000   19.0000  -14.0000
  -57.6600   15.0000  -21.0000
  -57.3300   14.0000  -21.0000
  -56.9400   23.0000  -23.0000
  -56.8200   21.0000  -21.0000
  -56.2900   21.0000  -26.0000
  -56.0700   19.0000  -14.0000
  -55.9900   21.0000  -23.0000
  -55.7300   21.0000  -21.0000
  -55.2100   17.0000  -23.0000
  -54.4100   19.0000  -19.0000
  -54.1800   23.0000  -23.0000
  -53.6000   21.0000  -21.0000
  -53.6500   23.0000  -23.0000
  -52.7600   21.0000  -21.0000
  -52.6800   21.0000  -21.0000
  -52.4100   26.0000  -21.0000
  -51.7100   28.0000  -23.0000
  -51.7700   26.0000  -21.0000
  -51.0300   28.0000  -28.0000
  -50.7500   21.0000  -21.0000
  -50.2300   21.0000  -23.0000
  -49.0700   21.0000  -21.0000
  -48.0100   23.0000  -23.0000
  -47.8000   15.0000  -23.0000
  -47.5500   23.0000  -17.0000
  -47.1300   21.0000  -21.0000
  -46.3900   17.0000  -23.0000
  -45.5500   15.0000  -21.0000
  -45.6400   15.0000  -21.0000
  -45.6500   15.0000  -15.0000
  -45.9500   23.0000  -17.0000
  -45.9100   21.0000  -15.0000
  -45.6300   17.0000  -17.0000
  -45.5200   21.0000  -15.0000
  -45.2100   17.0000  -17.0000
  -45.5300   15.0000  -15.0000
  -45.3100   23.0000  -17.0000
  -45.3500   14.0000  -14.0000
  -45.3500   21.0000  -17.0000
  -45.6800   15.0000  -21.0000
  -46.1600   23.0000  -17.0000
  -46.3100   21.0000  -15.0000
  -46.4000   21.0000  -15.0000
  -46.6300   23.0000  -17.0000
  -46.8600   23.0000  -23.0000
  -47.3400   21.0000  -15.0000
  -46.3900   21.0000  -21.0000
  -46.0700   19.0000  -23.0000
  -45.6000   23.0000  -23.0000
  -45.1800   17.0000  -23.0000
  -43.3200   23.0000  -23.0000
  -41.3200   19.0000  -19.0000
  -40.7900   23.0000  -23.0000
  -41.1400   23.0000  -23.0000
  -40.9100   23.0000  -23.0000
  -39.8500   23.0000  -23.0000
  -39.8000   21.0000  -21.0000
  -40.6200   17.0000  -23.0000
  -40.3800   17.0000  -23.0000
  -41.1600   17.0000  -23.0000
  -41.6200   15.0000  -21.0000
  -41.7900   15.0000  -17.0000
  -41.8400   17.0000  -23.0000
  -42.4100   17.0000  -17.0000
  -42.6700   23.0000  -17.0000
  -43.2000   21.0000  -21.0000
  -43.2600   23.0000  -23.0000
  -43.6500   17.0000  -23.0000
  -43.8900   17.0000  -17.0000
  -43.5000   15.0000  -21.0000
  -42.9900   15.0000  -17.0000
  -43.6400   23.0000  -17.0000
  -43.9200   17.0000  -17.0000
  -44.1600   17.0000  -23.0000
  -42.9800   15.0000  -21.0000
  -42.5500   17.0000  -17.0000
  -42.6000   17.0000  -17.0000
  -43.1500   23.0000  -17.0000
  -43.2700   15.0000  -21.0000
  -43.9000   15.0000  -23.0000
  -43.7100   17.0000  -17.0000
  -44.0700   23.0000  -17.0000
  -44.5400   23.0000  -17.0000
  -43.9100   15.0000  -21.0000
  -44.3600   23.0000  -23.0000
  -45.0700   23.0000  -17.0000
  -45.4800   23.0000  -17.0000
  -46.0100   21.0000  -15.0000
  -45.8200   26.0000  -21.0000
  -45.2400   28.0000  -23.0000
  -45.6600   28.0000  -23.0000
  -45.9000   28.0000  -23.0000
  -46.1800   26.0000  -15.0000
  -46.5200   26.0000  -23.0000
  -47.1300   28.0000  -17.0000
  -47.6400   28.0000  -23.0000
  -47.3500   23.0000  -23.0000
  -46.8600   26.0000  -21.0000
  -47.0000   26.0000  -23.0000
  -47.1400   28.0000  -23.0000
  -46.9600   28.0000  -23.0000
  -46.7800   28.0000  -28.0000
  -47.2200   26.0000  -26.0000
  -47.4800   28.0000  -28.0000
  -47.7400   28.0000  -28.0000
  -48.1900   28.0000  -28.0000
  -48.7900   31.0000  -26.0000
  -48.6700   26.0000  -28.0000
  -49.3100   28.0000  -28.0000
  -49.3000   28.0000  -28.0000
  -49.9600   28.0000  -34.0000
  -50.5800   26.0000  -26.0000
  -50.6000   26.0000  -28.0000
  -50.6900   34.0000  -28.0000
  -50.5200   28.0000  -28.0000
  -50.4600   28.0000  -28.0000
  -50.7500   31.0000  -26.0000
  -50.9300   26.0000  -28.0000
  -51.1000   28.0000  -28.0000
  -50.8800   28.0000  -28.0000
  -50.9500   28.0000  -28.0000
  -50.7600   26.0000  -26.0000
  -50.8300   28.0000  -28.0000
  -50.7300   28.0000  -28.0000
  -50.5600   28.0000  -34.0000
  -50.5000   26.0000  -28.0000
  -50.4600   28.0000  -28.0000
  -50.2000   28.0000  -28.0000
  -49.5800   34.0000  -28.0000
  -48.8200   31.0000  -26.0000
  -48.0700   26.0000  -28.0000
  -47.4700   28.0000  -28.0000
  -46.8100   28.0000  -28.0000
  -46.1300   28.0000  -28.0000
  -44.9000   26.0000  -26.0000
  -44.2300   28.0000  -28.0000
  -43.4300   34.0000  -34.0000
  -42.3100   28.0000  -28.0000
  -41.3200   31.0000  -26.0000
  -40.5000   26.0000  -34.0000
  -39.3400   28.0000  -28.0000
  -38.3000   28.0000  -28.0000
  -37.5800   34.0000  -28.0000
  -36.2400   26.0000  -26.0000
  -35.6700   28.0000  -28.0000
  -33.9600   28.0000  -28.0000
  -32.6700   28.0000  -34.0000
  -31.5100   28.0000  -28.0000
  -30.1100   28.0000  -28.0000
  -29.0400   26.0000  -26.0000
  -27.6800   26.0000  -28.0000
  -26.2500   34.0000  -28.0000
  -24.4700   28.0000  -28.0000
  -23.0900   28.0000  -28.0000
  -21.8300   26.0000  -31.0000
  -19.9200   34.0000  -28.0000
  -18.4000   28.0000  -28.0000
  -16.3200   28.0000  -28.0000
  -14.3400   26.0000  -26.0000
  -12.2700   26.0000  -28.0000
  -10.3200   28.0000  -34.0000
   -7.9800   28.0000  -28.0000
   -5.5700   34.0000  -28.0000
   -2.4700   26.0000  -26.0000
    0.5100   28.0000  -28.0000
    2.9700   28.0000  -28.0000
    5.3900   34.0000  -28.0000
    7.5700   31.0000  -26.0000
    9.7600   26.0000  -28.0000
   11.7100   28.0000  -34.0000
   13.1400   28.0000  -28.0000
   14.4200   34.0000  -28.0000
   15.1400   26.0000  -31.0000
   16.0200   28.0000  -28.0000
   16.9800   28.0000  -28.0000
   18.1800   34.0000  -28.0000
   19.1000   26.0000  -26.0000
   19.4000   26.0000  -26.0000
   20.1800   26.0000  -28.0000
   20.8800   34.0000  -28.0000
   22.1300   28.0000  -28.0000
   23.3400   28.0000  -28.0000
   24.6600   26.0000  -26.0000
   25.5000   26.0000  -26.0000
   26.3600   28.0000  -28.0000
   27.4000   28.0000  -34.0000]

rho1 =

    1.8280


rho2 =

   -2.1858

0.3508
-0.5026
1.3559
0.7584
0.5939
