
buf =[

         0         0         0
    0.7400    5.0000   -5.0000
    0.6900   10.0000  -15.0000
    0.5700   15.0000  -21.0000
    0.4200   21.0000  -26.0000
    0.3100   23.0000  -28.0000
    0.2400   26.0000  -26.0000
    0.2200   26.0000  -26.0000
    0.2700   28.0000  -24.0000
    0.3100   28.0000  -28.0000
    0.3100   31.0000  -26.0000
    0.2700   34.0000  -28.0000
    0.3100   24.0000  -24.0000
    0.3200   28.0000  -34.0000
    0.3800   26.0000  -26.0000
    0.3100   34.0000  -28.0000
    0.2700   24.0000  -28.0000
    0.1900   26.0000  -26.0000
    0.1200   26.0000  -31.0000
    0.1800   34.0000  -28.0000
    0.0100   26.0000  -26.0000
    0.0200   26.0000  -26.0000
   -0.0500   28.0000  -26.0000
   -0.1300   31.0000  -26.0000
   -0.2900   28.0000  -24.0000
   -0.2200   28.0000  -28.0000
   -0.3500   26.0000  -26.0000
   -0.4800   28.0000  -34.0000
   -0.6400   26.0000  -26.0000
   -0.8600   26.0000  -31.0000
   -1.0800   26.0000  -26.0000
   -1.3000   28.0000  -34.0000
   -1.4600   26.0000  -26.0000
   -1.7400   31.0000  -26.0000
   -1.7900   24.0000  -26.0000
   -1.7500   28.0000  -34.0000
   -1.9200   26.0000  -26.0000
   -1.8600   28.0000  -28.0000
   -2.0300   28.0000  -28.0000
   -2.9500   26.0000  -28.0000
   -3.5800   26.0000  -26.0000
   -4.4800   23.0000  -23.0000
   -5.9800   21.0000  -26.0000
   -7.4000   26.0000  -26.0000
   -9.7700   21.0000  -21.0000
  -12.4200   28.0000  -23.0000
  -15.2200   26.0000  -21.0000
  -19.2000   21.0000  -26.0000
  -23.3600   28.0000  -28.0000
  -28.8100   28.0000  -28.0000
  -33.5500   31.0000  -26.0000
  -37.8200   28.0000  -28.0000
  -44.0100   24.0000  -28.0000
  -48.6100   34.0000  -34.0000
  -52.9600   34.0000  -28.0000
  -58.2600   28.0000  -34.0000
  -58.26     28.0000  -34.0000
  -58.4300    5.0000         0
  -58.2900   15.0000  -15.0000
  -58.0000   15.0000  -15.0000
  -57.8800   14.0000  -14.0000
  -57.7700   17.0000  -25.0000
  -57.5200   19.0000  -19.0000
  -57.3300   23.0000  -23.0000
  -57.0400   21.0000  -26.0000
  -56.8300   23.0000  -28.0000
  -56.5000   24.0000  -24.0000
  -56.3400   26.0000  -28.0000
  -56.2400   21.0000  -26.0000
  -55.6800   23.0000  -28.0000
  -55.5300   24.0000  -24.0000
  -55.2800   26.0000  -26.0000
  -54.8300   26.0000  -21.0000
  -54.4900   28.0000  -23.0000
  -54.3600   24.0000  -24.0000
  -53.7800   26.0000  -21.0000
  -53.1100   19.0000  -26.0000
  -52.8400   28.0000  -28.0000
  -52.5600   26.0000  -21.0000
  -52.2000   28.0000  -28.0000
  -51.7500   21.0000  -26.0000
  -51.2000   28.0000  -28.0000
  -50.9700   21.0000  -26.0000
  -51.0300   23.0000  -28.0000
  -50.5200   21.0000  -26.0000
  -49.6600   23.0000  -28.0000
  -48.8300   26.0000  -26.0000
  -47.8900   28.0000  -28.0000
  -47.0500   19.0000  -24.0000
  -46.5500   26.0000  -26.0000
  -46.2300   21.0000  -26.0000
  -46.0100   28.0000  -28.0000
  -45.3500   26.0000  -26.0000
  -43.8600   23.0000  -25.0000
  -42.6600   19.0000  -19.0000
  -41.5200   23.0000  -23.0000
  -41.1000   21.0000  -21.0000
  -40.7100   23.0000  -23.0000
  -40.8400   19.0000  -19.0000
  -41.3900   23.0000  -17.0000
  -41.8400   21.0000  -15.0000
  -41.8700   23.0000  -17.0000
  -41.8800   21.0000  -15.0000
  -41.9200   23.0000  -23.0000
  -41.9300   28.0000  -23.0000
  -41.7500   23.0000  -17.0000
  -42.1300   24.0000  -19.0000
  -42.0200   26.0000  -21.0000
  -42.3400   24.0000  -23.0000
  -42.4300   23.0000  -28.0000
  -42.6600   28.0000  -28.0000
  -43.0800   26.0000  -21.0000
  -43.8200   19.0000  -19.0000
  -43.8500   28.0000  -23.0000
  -44.3200   23.0000  -23.0000
  -44.6500   23.0000  -23.0000
  -44.6000   15.0000  -26.0000
  -44.6000   15.0000  -28.0000
  -45.2300   17.0000  -23.0000
  -45.7800   17.0000  -23.0000
  -46.2900   11.0000  -23.0000
  -46.8400   10.0000  -26.0000
  -46.8700   17.0000  -23.0000
  -47.3700   17.0000  -28.0000
  -47.6800   17.0000  -28.0000
  -47.2100   15.0000  -26.0000
  -47.8500   21.0000  -23.0000
  -47.9800   17.0000  -28.0000
  -48.2300   17.0000  -28.0000
  -47.7800   17.0000  -28.0000
  -47.8300   21.0000  -28.0000
  -47.4500   28.0000  -23.0000
  -47.8500   17.0000  -23.0000
  -48.4800   23.0000  -23.0000
  -48.4000   21.0000  -21.0000
  -48.6100   23.0000  -23.0000
  -48.2700   23.0000  -23.0000
  -47.9600   17.0000  -23.0000
  -48.0700   21.0000  -26.0000
  -47.3400   15.0000  -26.0000
  -47.2900   17.0000  -23.0000
  -46.7900   23.0000  -28.0000
  -45.6600   23.0000  -28.0000
  -44.3700   21.0000  -26.0000
  -42.5400   21.0000  -28.0000
  -40.8300   28.0000  -28.0000
  -38.6900   23.0000  -28.0000
  -37.4800   26.0000  -26.0000
  -35.0900   31.0000  -28.0000
  -33.2000   28.0000  -28.0000
  -31.6700   34.0000  -28.0000
  -30.2000   28.0000  -28.0000
  -28.3200   26.0000  -26.0000
  -26.3400   26.0000  -28.0000
  -23.6200   34.0000  -28.0000
  -20.9400   28.0000  -28.0000
  -18.6900   28.0000  -28.0000
  -15.8700   26.0000  -26.0000
  -13.3600   28.0000  -34.0000
  -10.1800   28.0000  -28.0000
   -6.6700   28.0000  -28.0000
   -4.2500   31.0000  -26.0000
   -0.7200   26.0000  -28.0000
    3.4500   28.0000  -34.0000
    7.3000   34.0000  -28.0000
   11.0000   28.0000  -28.0000
   16.0400   26.0000  -28.0000
   19.2800   28.0000  -28.0000
   21.9200   28.0000  -28.0000
   24.2600   28.0000  -28.0000
   26.8000   26.0000  -26.0000
   28.7700   26.0000  -28.0000
   29.9700   28.0000  -28.0000
   30.3200   28.0000  -28.0000
   31.0600   31.0000  -26.0000
   31.7700   26.0000  -26.0000
   32.2000   28.0000  -34.0000
   32.4600   34.0000  -28.0000
   32.3000   34.0000  -28.0000
   32.4300   26.0000  -26.0000
   32.5200   26.0000  -28.0000
   32.6700   28.0000  -28.0000
   32.5400   28.0000  -28.0000
   32.7100   28.0000  -28.0000
   33.2400   26.0000  -26.0000
   33.5400   26.0000  -28.0000
   34.1100   28.0000  -28.0000
   35.1700   34.0000  -28.0000
   35.6800   26.0000  -26.0000
   36.1400   26.0000  -31.0000
   36.2500   34.0000  -28.0000
   36.3200   34.0000  -28.0000
   36.6500   28.0000  -28.0000
   36.5900   26.0000  -26.0000
   36.5100   26.0000  -34.0000
   36.1900   28.0000  -28.0000
   36.1400   28.0000  -28.0000
   36.6000   26.0000  -26.0000
   36.4800   31.0000  -28.0000
   36.2100   28.0000  -28.0000
   36.1000   34.0000  -28.0000
   36.3500   34.0000  -28.0000
   36.3600   26.0000  -26.0000
   36.5500   26.0000  -28.0000
   36.4900   34.0000  -28.0000
   36.5200   28.0000  -28.0000
   36.4100   28.0000  -28.0000
   36.4300   26.0000  -26.0000
   36.2500   26.0000  -26.0000
   36.0700   26.0000  -26.0000
   35.7600   31.0000  -26.0000
   35.5400   26.0000  -28.0000
   35.5600   34.0000  -28.0000
   35.3500   34.0000  -28.0000
   35.3200   28.0000  -28.0000
   35.2400   26.0000  -26.0000
   35.4800   28.0000  -28.0000
   35.5200   28.0000  -34.0000
   35.4800   28.0000  -28.0000
   35.3700   26.0000  -26.0000
   35.0200   26.0000  -31.0000
   34.6100   26.0000  -28.0000
   34.2700   34.0000  -34.0000
   34.3900   28.0000  -28.0000
   33.7300   34.0000  -34.0000
   33.0500   26.0000  -26.0000
   32.2000   26.0000  -26.0000
   31.8100   26.0000  -34.0000
   31.6300   28.0000  -28.0000
   31.4200   28.0000  -28.0000
   31.3000   28.0000  -28.0000
   31.2400   26.0000  -26.0000
   31.1900   26.0000  -26.0000
   31.2900   28.0000  -28.0000
   31.3200   28.0000  -28.0000
   31.6500   28.0000  -28.0000
   31.7300   26.0000  -26.0000
   31.6900   31.0000  -28.0000
   31.9100   34.0000  -28.0000
   31.9800   28.0000  -28.0000
   32.1200   26.0000  -26.0000
   32.2400   31.0000  -28.0000
   32.7600   28.0000  -28.0000
   33.2800   28.0000  -28.0000
   33.8500   28.0000  -28.0000
   34.1800   34.0000  -28.0000
   34.2500   28.0000  -34.0000
   34.0000   26.0000  -26.0000
   33.5100   26.0000  -34.0000
   33.3200   34.0000  -28.0000]

rho1 =

   -1.8852


rho2 =

    1.1047




0.0801
-0.5023
0.7396
0.0598
0.0160