buf =[

    0.4300   26.0000  -28.0000
    0.2800   26.0000  -28.0000
    0.4800   28.0000  -28.0000
    0.5300   34.0000  -28.0000
    0.6200   26.0000  -26.0000
    0.6700   26.0000  -28.0000
    0.9300   28.0000  -28.0000
    0.9600   28.0000  -28.0000
    1.0400   34.0000  -28.0000
    1.2600   34.0000  -28.0000
    1.3800   26.0000  -26.0000
    1.4400   31.0000  -26.0000
    1.5100   28.0000  -28.0000
    1.3800   26.0000  -28.0000
    1.0900   28.0000  -28.0000
    0.9100   28.0000  -28.0000
    1.0400   31.0000  -31.0000
    0.8800   31.0000  -28.0000
    0.8900   28.0000  -28.0000
    0.7700   28.0000  -28.0000
    0.7900   28.0000  -28.0000
    0.9400   31.0000  -26.0000
    0.6800   28.0000  -28.0000
    0.7800   28.0000  -28.0000
    0.8500   28.0000  -28.0000
    1.0400   26.0000  -31.0000
    1.3100   26.0000  -28.0000
    1.3000   34.0000  -28.0000
    1.2700   28.0000  -28.0000
    0.8800   28.0000  -28.0000
    0.7100   31.0000  -31.0000
    0.5300   31.0000  -28.0000
    0.2100   34.0000  -28.0000
    0.0300   28.0000  -28.0000
   -0.1700   28.0000  -28.0000
   -0.2600   31.0000  -26.0000
   -0.6500   26.0000  -26.0000
   -1.0200   26.0000  -26.0000
   -1.2000   31.0000  -26.0000
   -1.7200   26.0000  -26.0000
   -2.6500   28.0000  -28.0000
   -4.3500   28.0000  -28.0000
   -7.4800   28.0000  -23.0000
   -9.2100   26.0000  -26.0000
  -11.3200   31.0000  -26.0000
  -13.5700   34.0000  -28.0000
  -16.3300   34.0000  -28.0000
  -18.0200   28.0000  -28.0000
  -20.4700   28.0000  -28.0000
  -22.8100   28.0000  -28.0000
  -26.5500   28.0000  -28.0000
  -30.8500   26.0000  -28.0000
  -34.4600   28.0000  -34.0000
  -39.5000   28.0000  -28.0000
  -44.0200   34.0000  -28.0000
  -48.7900   34.0000  -28.0000
  -53.2600   28.0000  -28.0000
  -58.0600   31.0000  -26.0000
  -58.0600   21.0000  -15.0000
  -58.3300    5.0000         0
  -58.0800   10.0000  -10.0000
  -58.0700    5.0000  -11.0000
  -57.9700    9.0000   -9.0000
  -57.8100   10.0000  -15.0000
  -57.2400   10.0000  -10.0000
  -57.1000   17.0000  -23.0000
  -56.9600   14.0000  -14.0000
  -56.8200   23.0000  -23.0000
  -56.5700   14.0000  -21.0000
  -56.3900   17.0000  -17.0000
  -56.1000   15.0000  -15.0000
  -55.8300   17.0000  -17.0000
  -55.6300   14.0000  -19.0000
  -55.2800   17.0000  -23.0000
  -54.9100   15.0000  -21.0000
  -54.8000   23.0000  -23.0000
  -54.7000   14.0000  -19.0000
  -54.5500   17.0000  -23.0000
  -54.3500   15.0000  -21.0000
  -54.1800   17.0000  -17.0000
  -53.9900   15.0000  -15.0000
  -53.6200   21.0000  -21.0000
  -53.4900   19.0000  -19.0000
  -53.5200   15.0000  -17.0000
  -53.4400   21.0000  -15.0000
  -53.1600   23.0000  -17.0000
  -53.0600   15.0000  -15.0000
  -52.7800   15.0000  -15.0000
  -52.7400   21.0000  -15.0000
  -52.4300   23.0000  -17.0000
  -51.9700   21.0000  -15.0000
  -51.7500   15.0000  -15.0000
  -51.7200   19.0000  -19.0000
  -51.3400   23.0000  -23.0000
  -51.3400   21.0000  -21.0000
  -51.2500   17.0000  -23.0000
  -50.8800   14.0000  -19.0000
  -50.6100   21.0000  -23.0000
  -50.0300   15.0000  -15.0000
  -50.0000   17.0000  -17.0000
  -50.0100   14.0000  -14.0000
  -50.0900   15.0000  -17.0000
  -49.9700   15.0000  -21.0000
  -49.6800   17.0000  -23.0000
  -49.5900   15.0000  -21.0000
  -49.5500   15.0000  -15.0000
  -49.2200   17.0000  -23.0000
  -49.5300   23.0000  -17.0000
  -49.2300   15.0000  -21.0000
  -48.9700   15.0000  -15.0000
  -48.9400   14.0000  -17.0000
  -48.5800   17.0000  -23.0000
  -47.7200   17.0000  -17.0000
  -47.6900   17.0000  -23.0000
  -47.2000   14.0000  -14.0000
  -46.7400   23.0000  -17.0000
  -45.6300   17.0000  -23.0000
  -44.2400   17.0000  -23.0000
  -43.7100   21.0000  -15.0000
  -43.8300   21.0000  -23.0000
  -42.6200   23.0000  -17.0000
  -42.4300   17.0000  -17.0000
  -41.7400   17.0000  -17.0000
  -42.3100   21.0000  -15.0000
  -41.9900   23.0000  -17.0000
  -42.0100   23.0000  -17.0000
  -41.5700   28.0000  -17.0000
  -39.6400   26.0000  -15.0000
  -39.9600   26.0000  -17.0000
  -39.9700   28.0000  -17.0000
  -39.5400   28.0000  -23.0000
  -39.5500   23.0000  -17.0000
  -38.1400   21.0000  -15.0000
  -38.5700   28.0000  -17.0000
  -38.0600   23.0000  -17.0000
  -37.7700   23.0000  -23.0000
  -37.6400   21.0000  -15.0000
  -37.5300   21.0000  -17.0000
  -37.5700   28.0000  -17.0000
  -37.1000   23.0000  -17.0000
  -37.0400   26.0000  -21.0000
  -37.2200   21.0000  -15.0000
  -36.9700   21.0000  -17.0000
  -36.8200   17.0000  -23.0000
  -36.1600   17.0000  -17.0000
  -35.1900   17.0000  -23.0000
  -34.8500   15.0000  -21.0000
  -35.1300   17.0000  -17.0000
  -35.9500   17.0000  -23.0000
  -35.9200   17.0000  -17.0000
  -36.1500   21.0000  -21.0000
  -36.4100   15.0000  -23.0000
  -37.4200   23.0000  -23.0000
  -37.5400   17.0000  -17.0000
  -37.7800   17.0000  -17.0000
  -36.8300   15.0000  -15.0000
  -36.5000   17.0000  -23.0000
  -36.9700   17.0000  -17.0000
  -37.2300   11.0000  -23.0000
  -37.4300    5.0000  -17.0000
  -37.0500   10.0000  -17.0000
  -37.4000   11.0000  -17.0000
  -37.6000   17.0000  -17.0000
  -37.4100   23.0000  -17.0000
  -35.6900   15.0000  -15.0000
  -36.0300   15.0000  -17.0000
  -34.5900   17.0000  -17.0000
  -33.4700   23.0000  -17.0000
  -34.7300   23.0000  -17.0000
  -35.2000   26.0000  -15.0000
  -35.0600   23.0000  -23.0000
  -33.9800   23.0000  -17.0000
  -34.9500   28.0000  -23.0000
  -35.3100   26.0000  -21.0000
  -35.4100   26.0000  -26.0000
  -36.2000   28.0000  -23.0000
  -36.3600   28.0000  -23.0000
  -36.6000   28.0000  -23.0000
  -37.3200   26.0000  -21.0000
  -37.5500   26.0000  -17.0000
  -38.6900   34.0000  -23.0000
  -37.8800   28.0000  -23.0000
  -38.4500   28.0000  -23.0000
  -38.4200   26.0000  -15.0000
  -38.2200   28.0000  -23.0000
  -38.9600   28.0000  -23.0000
  -37.7800   28.0000  -23.0000
  -38.1400   26.0000  -21.0000
  -38.9300   31.0000  -23.0000
  -37.7100   28.0000  -23.0000
  -36.7600   28.0000  -23.0000
  -36.7500   34.0000  -23.0000
  -36.3100   26.0000  -23.0000
  -36.7000   23.0000  -23.0000
  -35.3500   28.0000  -17.0000
  -35.1200   23.0000  -23.0000
  -33.9400   21.0000  -21.0000
  -33.2900   23.0000  -23.0000
  -33.1400   23.0000  -23.0000
  -31.5900   26.0000  -26.0000
  -32.6000   21.0000  -26.0000
  -32.9700   26.0000  -28.0000
  -32.0800   28.0000  -23.0000
  -32.1200   28.0000  -28.0000
  -32.9500   28.0000  -28.0000
  -34.1200   31.0000  -26.0000
  -35.3400   28.0000  -28.0000
  -36.5900   28.0000  -28.0000
  -37.6500   28.0000  -28.0000
  -38.9000   21.0000  -26.0000
  -39.8100   26.0000  -26.0000
  -40.9100   28.0000  -28.0000
  -41.8300   28.0000  -28.0000
  -42.5300   28.0000  -28.0000
  -42.9400   31.0000  -26.0000
  -43.5200   26.0000  -28.0000
  -43.9900   28.0000  -34.0000
  -44.0300   28.0000  -28.0000
  -44.5300   34.0000  -28.0000
  -44.7600   26.0000  -26.0000
  -44.6800   28.0000  -28.0000
  -44.3500   28.0000  -28.0000
  -44.2100   28.0000  -28.0000
  -43.3300   28.0000  -34.0000
  -42.6400   26.0000  -26.0000
  -42.5400   28.0000  -28.0000
  -41.4100   28.0000  -28.0000
  -40.9100   28.0000  -28.0000
  -40.5900   28.0000  -28.0000
  -39.6400   28.0000  -28.0000
  -39.2000   31.0000  -26.0000
  -38.7000   28.0000  -28.0000
  -37.4100   34.0000  -28.0000
  -37.0600   28.0000  -28.0000
  -36.7000   28.0000  -28.0000
  -36.1900   26.0000  -28.0000
  -34.4200   28.0000  -28.0000
  -33.5400   28.0000  -34.0000
  -31.7400   28.0000  -28.0000
  -30.2300   31.0000  -26.0000
  -28.7500   34.0000  -28.0000
  -26.4700   28.0000  -28.0000
  -24.0500   28.0000  -28.0000
  -22.2100   31.0000  -31.0000
  -20.1500   26.0000  -28.0000
  -18.1700   28.0000  -28.0000
  -16.5900   28.0000  -28.0000
  -14.6800   34.0000  -34.0000
  -12.3400   28.0000  -28.0000
  -11.0900   28.0000  -28.0000]

rho1 =

  -34.6263


rho2 =

   35.1227
