

         0         0         0
    1.5000         0         0
    1.4500         0         0
    1.4200         0         0
    1.3900         0         0
    1.3700         0         0
    1.3500         0         0
    1.3200         0         0
    1.3000         0         0
    1.3000         0         0
    1.2900         0         0
    1.2800         0         0
    1.2700         0         0
    1.2600         0         0
    1.2400         0         0
    1.2300         0         0
    1.2300         0         0
    1.2300         0         0
    1.2100         0         0
    1.1700         0         0
    1.1400         0         0
    1.0900         0         0
    0.9900         0         0
    0.8400         0         0
    0.6600         0         0
    0.2400         0         0
   -0.5400         0         0
   -1.5600         0         0
   -2.5400         0         0
   -4.0100         0         0
   -5.6500         0         0
   -7.4100         0         0
   -9.2000         0         0
  -11.2000         0         0
  -13.3900         0         0
  -15.8100         0         0
  -18.5500         0         0
  -21.7300         0         0
  -25.3900         0         0
  -29.6100         0         0
  -34.1800         0         0
  -38.8200         0         0
  -43.8500         0         0
  -49.7100         0         0
  -55.9300         0         0
  -59.6300         0         0
  -59.6300         0         0
  -58.1200         0         0
  -58.0700         0         0
  -58.0300         0         0
  -57.9800         0         0
  -57.9400         0         0
  -57.9000         0         0
  -57.8600         0         0
  -57.8200         0         0
  -57.7800         0         0
  -57.7400         0         0
  -57.7000         0         0
  -57.6700         0         0
  -57.6400         0         0
  -57.6100         0         0
  -57.5700         0         0
  -57.5400         0         0
  -57.5100         0         0
  -57.4900         0         0
  -57.4600         0         0
  -57.4400         0         0
  -57.4300         0         0
  -57.4100         0         0
  -57.4000         0         0
  -57.3800         0         0
  -57.3700         0         0
  -57.3500         0         0
  -57.3400         0         0
  -57.3400         0         0
  -57.3400         0         0
  -57.3300         0         0
  -57.3100         0         0
  -57.3100         0         0
  -57.3100         0         0
  -57.3200         0         0
  -57.3100         0         0
  -57.3100         0         0
  -57.3300         0         0
  -57.3300         0         0
  -57.3400         0         0
  -57.3400         0         0
  -57.3400         0         0
  -57.3500         0         0
  -57.3800         0         0
  -57.3800         0         0
  -57.4100         0         0
  -57.4200         0         0
  -57.4500         0         0
  -57.4800         0         0
  -57.5100         0         0
  -57.5200         0         0
  -57.5300         0         0
  -57.5400         0         0
  -57.5600         0         0
  -57.5800         0         0
  -57.6000         0         0
  -57.6000         0         0
  -57.6300         0         0
  -57.6500         0         0
  -57.6800         0         0
  -57.6900         0         0
  -57.7100         0         0
  -57.7500         0         0
  -57.7600         0         0
  -57.7900         0         0
  -57.8200         0         0
  -57.8200         0         0
  -57.8300         0         0
  -57.8400         0         0
  -57.8400         0         0
  -57.8500         0         0
  -57.8600         0         0
  -57.8900         0         0
  -57.9100         0         0
  -57.9500         0         0
  -57.9600         0         0
  -57.9800         0         0
  -58.0000         0         0
  -58.0000         0         0
  -58.0100         0         0
  -58.0200         0         0
  -58.0200         0         0
  -58.0300         0         0
  -58.0100         0         0
  -58.0300         0         0
  -58.0300         0         0
  -58.0500         0         0
  -58.0800         0         0
  -58.1000         0         0
  -58.1100         0         0
  -58.1200         0         0
  -58.1200         0         0
  -58.1200         0         0
  -58.1300         0         0
  -58.1300         0         0
  -58.1200         0         0
  -58.1400         0         0
  -58.1400         0         0
  -58.1500         0         0
  -58.1500         0         0
  -58.1400         0         0
  -58.1400         0         0
  -58.1300         0         0
  -58.1200         0         0
  -58.1400         0         0
  -58.1300         0         0
  -58.1600         0         0
  -58.1400         0         0
  -58.1400         0         0
  -58.1500         0         0
  -58.1700         0         0
  -58.1600         0         0
  -58.1600         0         0
  -58.1700         0         0
  -58.1900         0         0
  -58.2000         0         0
  -58.2000         0         0
  -58.2200         0         0
  -58.2100         0         0
  -58.2200         0         0
  -58.2300         0         0
  -58.2300         0         0
  -58.2200         0         0
  -58.2200         0         0
  -58.2100         0         0
  -58.2200         0         0
  -58.2200         0         0
  -58.2200         0         0
  -58.2400         0         0
  -58.2400         0         0
  -58.2300         0         0
  -58.2300         0         0
  -58.2500         0         0
  -58.2600         0         0
  -58.2600         0         0
  -58.2600         0         0
  -58.2600         0         0
  -58.2500         0         0
  -58.2700         0         0
  -58.2500         0         0
  -58.2400         0         0
  -58.2500         0         0
  -58.2500         0         0
  -58.2500         0         0
  -58.2700         0         0
  -58.2700         0         0
  -58.2800         0         0
  -58.2900         0         0
  -58.2900         0         0
  -58.2900         0         0
  -58.2900         0         0
  -58.2800         0         0
  -58.2900         0         0
  -58.2700         0         0
  -58.2700         0         0
  -58.2600         0         0
  -58.2700         0         0
  -58.2500         0         0
  -58.2400         0         0
  -58.2300         0         0
  -58.2300         0         0
  -58.2300         0         0
  -58.2400         0         0
  -58.2500         0         0
  -58.2500         0         0
  -58.2400         0         0
  -58.2200         0         0
  -58.2200         0         0
  -58.2000         0         0
  -58.1900         0         0
  -58.1900         0         0
  -58.2000         0         0
  -58.2100         0         0
  -58.2000         0         0
  -58.1900         0         0
  -58.2000         0         0
  -58.1900         0         0
  -58.2200         0         0
  -58.2100         0         0
  -58.2200         0         0
  -58.2100         0         0
  -58.2300         0         0
  -58.2200         0         0
  -58.2400         0         0
  -58.2700         0         0
  -58.2700         0         0
  -58.2700         0         0
  -58.2900         0         0
  -58.3000         0         0
  -58.3000         0         0
  -58.2900         0         0
  -58.3000         0         0
  -58.3000         0         0
  -58.3100         0         0
  -58.3400         0         0
  -58.3300         0         0
  -58.3300         0         0
  -58.3400         0         0
  -58.3400         0         0
  -58.3300         0         0
  -58.3500         0         0
  -58.3300         0         0
  -58.3300         0         0
  -58.3400         0         0

rho3 =

   10.8388


rho4 =

  -53.6146
